# Source: CTblLib 1.3.11, file ctbllib-1.3.11/data\ctoorth2.tbl, table "O8+(2)" header (centralizer orders, power maps) and its class fusion into "O8+(2).3"; GPL.
MOT("O8+(2)",
[
"origin: ATLAS of finite groups, tests: 1.o.r."
],
[174182400,110592,46080,46080,46080,3072,77760,77760,77760,1944,648,4608,512,
192,192,192,64,300,300,300,1728,1728,1728,288,288,288,216,216,216,216,72,72,
72,24,7,32,32,27,27,27,20,20,20,144,144,144,36,24,24,24,15,15,15],
[,[1,1,1,1,1,1,7,8,9,10,11,2,2,3,4,5,6,18,19,20,7,8,9,7,8,9,10,11,11,11,11,11,
11,11,35,12,13,38,39,40,18,19,20,21,22,23,27,24,25,26,51,52,53],[1,2,3,4,5,6,
1,1,1,1,1,12,13,14,15,16,17,18,19,20,2,2,2,3,4,5,2,2,2,2,3,4,5,6,35,36,37,10,
10,10,41,42,43,12,12,12,12,14,15,16,18,19,20],,[1,2,3,4,5,6,7,8,9,10,11,12,13,
14,15,16,17,1,1,1,21,22,23,24,25,26,27,28,29,30,31,32,33,34,35,36,37,38,39,40,
3,4,5,44,45,46,47,48,49,50,7,8,9],,[1,2,3,4,5,6,7,8,9,10,11,12,13,14,15,16,17,
18,19,20,21,22,23,24,25,26,27,28,29,30,31,32,33,34,1,36,37,38,39,40,41,42,43,
44,45,46,47,48,49,50,51,52,53]],

ALF("O8+(2)","O8+(2).3",[1,2,3,3,3,4,5,5,5,6,7,8,9,10,10,10,11,12,12,12,
13,13,13,14,14,14,15,16,16,16,17,17,17,18,19,20,21,22,22,22,23,23,23,24,
24,24,25,26,26,26,27,27,27]
